e379                                            
 Alfa =   0.00000 Re =   200000.000 Xflap,Yflap =     0.000000    0.000000
#    x        y        Cp  
   1.00000 -0.00000 -0.07218
   0.99975  0.00002*********
   0.99899  0.00007 -0.58943
   0.99774  0.00015  0.99974
   0.99598  0.00028 -1.98762
   0.99372  0.00044  0.72721
   0.99097  0.00064 -1.19631
   0.98772  0.00089 -0.03231
   0.98398  0.00120  0.27943
   0.97975  0.00157 -0.21147
   0.97504  0.00201  0.19133
   0.96985  0.00251 -0.13814
   0.96419  0.00309  0.13036
   0.95806  0.00376  0.18880
   0.95147  0.00450 -0.15861
   0.94442  0.00533  0.11308
   0.93693  0.00625 -0.06062
   0.92900  0.00726  0.15517
   0.92063  0.00834 -0.24697
   0.91185  0.00951 -0.05716
   0.90264  0.01076 -0.03172
   0.89304  0.01209 -0.02988
   0.88303  0.01349  0.06964
   0.87264  0.01498 -0.00381
   0.86188  0.01653 -0.02050
   0.85075  0.01817  0.08951
   0.83927  0.01987 -0.13790
   0.82745  0.02165  0.16012
   0.81529  0.02348 -0.09030
   0.80282  0.02539 -0.13562
   0.79005  0.02735  0.01023
   0.77698  0.02936  0.01203
   0.76363  0.03144 -0.10825
   0.75002  0.03356 -0.01043
   0.73616  0.03573 -0.23016
   0.72206  0.03795 -0.40626
   0.70773  0.04020  0.01333
   0.69320  0.04249 -0.28840
   0.67847  0.04480  0.06396
   0.66356  0.04715 -0.45053
   0.64849  0.04950 -0.12349
   0.63327  0.05187 -0.56329
   0.61791  0.05425 -0.15289
   0.60244  0.05662 -0.53379
   0.58686  0.05899 -0.40087
   0.57120  0.06135 -0.15973
   0.55546  0.06368 -0.22763
   0.53967  0.06597 -0.55135
   0.52383  0.06823 -0.31337
   0.50798  0.07043 -0.64342
   0.49211  0.07254 -0.95606
   0.47626  0.07460 -0.07282
   0.46042  0.07655 -0.62633
   0.44463  0.07833 -0.28693
   0.42889  0.08000 -0.55913
   0.41323  0.08150 -0.65967
   0.39765  0.08278 -0.49525
   0.38218  0.08393 -1.04927
   0.36682  0.08486 -0.51357
   0.35160  0.08549 -0.84213
   0.33653  0.08602 -0.77843
   0.32162  0.08630 -0.66225
   0.30689  0.08626 -0.64337
   0.29236  0.08605 -1.59481
   0.27803  0.08573 -0.44159
   0.26393  0.08518 -1.15297
   0.25007  0.08426 -0.48158
   0.23646  0.08319 -1.04216
   0.22311  0.08193 -1.01993
   0.21004  0.08042 -0.38903
   0.19727  0.07879 -1.38614
   0.18480  0.07698 -0.24013
   0.17264  0.07500 -1.36003
   0.16082  0.07291 -0.58817
   0.14934  0.07068 -0.33409
   0.13821  0.06832 -1.02766
   0.12745  0.06587 -0.29491
   0.11706  0.06329 -1.87023
   0.10705  0.06062  0.19939
   0.09745  0.05786 -0.96659
   0.08824  0.05501 -0.15707
   0.07946  0.05210 -0.27815
   0.07109  0.04912 -1.15611
   0.06316  0.04607 -0.15145
   0.05567  0.04298 -0.48323
   0.04862  0.03986 -0.31711
   0.04203  0.03670  0.14750
   0.03590  0.03353 -0.90428
   0.03024  0.03036  0.23073
   0.02505  0.02718  0.25363
   0.02034  0.02402 -0.13372
   0.01611  0.02089  0.40326
   0.01237  0.01780  0.82900
   0.00912  0.01484 -0.70219
   0.00637  0.01191  0.99998
   0.00411  0.00915  0.20368
   0.00235  0.00658 -0.96010
   0.00110  0.00383 -0.50161
   0.00034  0.00060 -2.57153
   0.00009 -0.00066-33.32159
   0.00034 -0.00073  0.38389
   0.00110 -0.00089 -4.16378
   0.00235 -0.00105 -7.67183
   0.00411 -0.00092 -2.87592
   0.00637 -0.00017 -3.54959
   0.00912  0.00121 -0.42136
   0.01237  0.00270 -0.19482
   0.01611  0.00424 -0.72070
   0.02034  0.00600  0.08918
   0.02505  0.00798 -1.84014
   0.03024  0.01016 -0.22417
   0.03590  0.01255  0.60320
   0.04203  0.01513 -0.60022
   0.04862  0.01786  0.44339
   0.05567  0.02071 -0.30751
   0.06316  0.02371 -0.18735
   0.07109  0.02681  0.64229
   0.07946  0.02997 -0.04009
   0.08824  0.03320  0.02078
   0.09745  0.03650  0.42301
   0.10705  0.03981 -0.09787
   0.11706  0.04306  0.80034
   0.12745  0.04624  0.09421
   0.13821  0.04943  0.62424
   0.14934  0.05252  0.34971
   0.16082  0.05541  0.20761
   0.17264  0.05805  0.53403
   0.18480  0.06060  0.42195
   0.19727  0.06299  0.35962
   0.21004  0.06513  0.48886
   0.22311  0.06692  0.35179
   0.23646  0.06856  0.77449
   0.25007  0.07005  0.15133
   0.26393  0.07131  0.42518
   0.27803  0.07221  0.34074
   0.29236  0.07285  0.47549
   0.30689  0.07343  0.64540
   0.32162  0.07387  0.20786
   0.33653  0.07410  0.58862
   0.35160  0.07406  0.40861
   0.36682  0.07378  0.13977
   0.38218  0.07333  0.59148
   0.39765  0.07278  0.29766
   0.41323  0.07215  0.45459
   0.42889  0.07124  0.47201
   0.44463  0.07011  0.53810
   0.46042  0.06885  0.43798
   0.47626  0.06753  0.56633
   0.49211  0.06603 -0.01142
   0.50798  0.06439  0.37415
   0.52383  0.06266  0.23003
   0.53967  0.06088  0.30946
   0.55546  0.05900  0.40539
   0.57120  0.05704  0.43432
   0.58686  0.05503  0.26379
   0.60244  0.05298  0.03872
   0.61791  0.05087  0.51462
   0.63327  0.04872  0.01796
   0.64849  0.04657  0.28884
   0.66356  0.04440  0.02463
   0.67847  0.04221  0.48816
   0.69320  0.04003  0.20243
   0.70773  0.03786  0.30009
   0.72206  0.03568  0.05960
   0.73616  0.03352  0.07843
   0.75002  0.03140  0.24212
   0.76363  0.02931  0.24450
   0.77698  0.02725  0.27949
   0.79005  0.02524  0.22504
   0.80282  0.02327  0.02221
   0.81529  0.02135  0.20518
   0.82745  0.01949  0.16935
   0.83927  0.01770  0.11703
   0.85075  0.01597  0.22259
   0.86188  0.01432  0.11114
   0.87264  0.01275  0.03640
   0.88303  0.01125  0.14380
   0.89304  0.00983  0.02448
   0.90264  0.00850 -0.01663
   0.91185  0.00727 -0.09097
   0.92063  0.00612 -0.19497
   0.92900  0.00507  0.05418
   0.93693  0.00414 -0.02900
   0.94442  0.00328 -0.09765
   0.95147  0.00254 -0.01252
   0.95806  0.00195 -0.23291
   0.96419  0.00146  0.15055
   0.96985  0.00107 -0.09756
   0.97504  0.00079  0.07314
   0.97975  0.00060 -0.29105
   0.98398  0.00046  0.23622
   0.98772  0.00035 -0.10100
   0.99097  0.00027 -0.74270
   0.99372  0.00021  0.56711
   0.99598  0.00015 -1.40394
   0.99774  0.00010  0.98585
   0.99899  0.00005 -0.49597
   0.99975  0.00001*********
   1.00000  0.00000 -0.07218
